5000,137,-1929,50067.16,0.000000010328
5000,135,-1928,50096.65,0.000000010328
5000,136,-1927,50120.70,0.000000010328
5000,132,-1927,50127.90,0.000000010328
5000,134,-1927,50124.33,0.000000010328
5000,131,-1928,50103.78,0.000000010328
5000,133,-1927,50126.12,0.000000010328
5000,133,-1927,50126.12,0.000000010328
5000,138,-1929,50065.32,0.000000010328
5000,134,-1926,50150.23,0.000000010328
10000,311,-1903,49927.42,0.000000010387
10000,312,-1902,49948.80,0.000000010387
10000,312,-1904,49897.71,0.000000010387
10000,312,-1903,49923.25,0.000000010387
10000,312,-1905,49872.20,0.000000010387
10000,311,-1904,49901.89,0.000000010387
10000,312,-1904,49897.71,0.000000010387
10000,312,-1903,49923.25,0.000000010387
10000,311,-1903,49927.42,0.000000010387
10000,313,-1905,49868.02,0.000000010387
15000,478,-1864,49962.05,0.000000010401
15000,475,-1863,50006.53,0.000000010401
15000,475,-1866,49931.03,0.000000010401
15000,479,-1866,49905.35,0.000000010401
15000,476,-1866,49924.63,0.000000010401
15000,476,-1863,50000.10,0.000000010401
15000,479,-1864,49955.59,0.000000010401
15000,480,-1863,49974.26,0.000000010401
15000,480,-1865,49924.01,0.000000010401
15000,475,-1866,49931.03,0.000000010401
20000,633,-1805,49812.33,0.000000010495
20000,637,-1807,49728.78,0.000000010495
20000,633,-1804,49836.91,0.000000010495
20000,634,-1805,49803.71,0.000000010495
20000,630,-1804,49862.77,0.000000010495
20000,631,-1807,49780.39,0.000000010495
20000,634,-1808,49730.12,0.000000010495
20000,634,-1803,49852.87,0.000000010495
20000,633,-1805,49812.33,0.000000010495
20000,636,-1807,49737.41,0.000000010495
25000,789,-1743,49653.79,0.000000010526
25000,788,-1742,49688.16,0.000000010526
25000,787,-1744,49651.52,0.000000010526
25000,787,-1741,49722.57,0.000000010526
25000,786,-1742,49709.56,0.000000010526
25000,787,-1740,49746.30,0.000000010526
25000,788,-1740,49735.55,0.000000010526
25000,786,-1741,49733.28,0.000000010526
25000,786,-1740,49757.02,0.000000010526
25000,789,-1742,49677.44,0.000000010526
30000,933,-1660,49898.27,0.000000010524
30000,932,-1662,49865.42,0.000000010524
30000,930,-1660,49936.76,0.000000010524
30000,932,-1656,50002.69,0.000000010524
30000,936,-1659,49882.53,0.000000010524
30000,936,-1659,49882.53,0.000000010524
30000,935,-1663,49804.24,0.000000010524
30000,933,-1663,49829.82,0.000000010524
30000,928,-1662,49916.59,0.000000010524
30000,935,-1659,49895.40,0.000000010524
35000,1070,-1566,49606.68,0.000000010629
35000,1070,-1564,49649.90,0.000000010629
35000,1068,-1566,49636.19,0.000000010629
35000,1069,-1568,49578.24,0.000000010629
35000,1068,-1563,49701.16,0.000000010629
35000,1074,-1561,49655.42,0.000000010629
35000,1073,-1566,49562.41,0.000000010629
35000,1067,-1564,49694.28,0.000000010629
35000,1068,-1568,49592.95,0.000000010629
35000,1067,-1562,49737.67,0.000000010629
40000,1197,-1457,49968.79,0.000000010613
40000,1194,-1457,50019.26,0.000000010613
40000,1198,-1458,49931.52,0.000000010613
40000,1197,-1460,49907.41,0.000000010613
40000,1195,-1460,49940.94,0.000000010613
40000,1196,-1460,49924.17,0.000000010613
40000,1197,-1458,49948.32,0.000000010613
40000,1196,-1461,49903.71,0.000000010613
40000,1194,-1461,49937.20,0.000000010613
40000,1196,-1458,49965.12,0.000000010613
45000,1312,-1344,50008.08,0.000000010647
45000,1309,-1349,49968.42,0.000000010647
45000,1312,-1339,50103.44,0.000000010647
45000,1303,-1340,50252.78,0.000000010647
45000,1304,-1343,50176.31,0.000000010647
45000,1312,-1346,49969.99,0.000000010647
45000,1302,-1343,50213.67,0.000000010647
45000,1307,-1343,50120.32,0.000000010647
45000,1303,-1346,50137.26,0.000000010647
45000,1307,-1340,50177.85,0.000000010647
50000,1409,-1216,49931.38,0.000000010761
50000,1406,-1222,49886.88,0.000000010761
50000,1415,-1222,49705.37,0.000000010761
50000,1408,-1218,49916.61,0.000000010761
50000,1400,-1219,50061.45,0.000000010761
50000,1408,-1215,49969.25,0.000000010761
50000,1409,-1216,49931.38,0.000000010761
50000,1409,-1216,49931.38,0.000000010761
50000,1413,-1218,49815.35,0.000000010761
50000,1410,-1218,49876.07,0.000000010761
55000,1499,-1085,50102.94,0.000000010786
55000,1498,-1081,50188.47,0.000000010786
55000,1499,-1082,50150.57,0.000000010786
55000,1500,-1082,50128.58,0.000000010786
55000,1496,-1086,50152.87,0.000000010786
55000,1499,-1085,50102.94,0.000000010786
55000,1497,-1087,50115.00,0.000000010786
55000,1496,-1084,50184.74,0.000000010786
55000,1496,-1084,50184.74,0.000000010786
55000,1494,-1087,50180.82,0.000000010786
60000,1573,-947,50051.99,0.000000010882
60000,1570,-944,50164.48,0.000000010882
60000,1571,-943,50155.11,0.000000010882
60000,1575,-943,50061.37,0.000000010882
60000,1570,-943,50178.58,0.000000010882
60000,1576,-948,49968.00,0.000000010882
60000,1568,-946,50183.14,0.000000010882
60000,1571,-943,50155.11,0.000000010882
60000,1569,-946,50159.68,0.000000010882
60000,1571,-945,50126.92,0.000000010882
65000,1633,-803,49955.09,0.000000011000
65000,1634,-803,49930.46,0.000000011000
65000,1632,-800,50016.10,0.000000011000
65000,1635,-800,49942.07,0.000000011000
65000,1632,-801,50003.98,0.000000011000
65000,1633,-799,50003.49,0.000000011000
65000,1630,-805,50004.74,0.000000011000
65000,1630,-801,50053.41,0.000000011000
65000,1630,-803,50029.09,0.000000011000
65000,1634,-802,49942.56,0.000000011000
70000,1680,-656,50331.21,0.000000011016
70000,1678,-655,50393.42,0.000000011016
70000,1680,-659,50300.71,0.000000011016
70000,1682,-654,50299.48,0.000000011016
70000,1681,-653,50335.58,0.000000011016
70000,1679,-654,50377.53,0.000000011016
70000,1681,-659,50274.78,0.000000011016
70000,1678,-655,50393.42,0.000000011016
70000,1678,-657,50373.07,0.000000011016
70000,1678,-655,50393.42,0.000000011016
75000,1715,-509,50203.43,0.000000011135
75000,1712,-510,50276.23,0.000000011135
75000,1712,-510,50276.23,0.000000011135
75000,1714,-510,50222.34,0.000000011135
75000,1711,-508,50319.30,0.000000011135
75000,1715,-510,50195.43,0.000000011135
75000,1715,-508,50211.41,0.000000011135
75000,1711,-510,50303.22,0.000000011135
75000,1713,-509,50257.28,0.000000011135
75000,1711,-509,50311.26,0.000000011135
80000,1732,-360,50124.46,0.000000011278
80000,1731,-357,50169.49,0.000000011278
80000,1732,-360,50124.46,0.000000011278
80000,1731,-358,50163.75,0.000000011278
80000,1732,-361,50118.69,0.000000011278
80000,1729,-358,50219.39,0.000000011278
80000,1733,-360,50096.74,0.000000011278
80000,1729,-358,50219.39,0.000000011278
80000,1732,-358,50135.97,0.000000011278
80000,1729,-358,50219.39,0.000000011278
85000,1732,-213,50486.53,0.000000011351
85000,1736,-202,50409.55,0.000000011351
85000,1733,-203,50492.28,0.000000011351
85000,1734,-214,50425.63,0.000000011351
85000,1740,-219,50236.66,0.000000011351
85000,1736,-217,50357.77,0.000000011351
85000,1733,-216,50447.18,0.000000011351
85000,1739,-211,50293.26,0.000000011351
85000,1729,-214,50569.26,0.000000011351
85000,1734,-208,50446.56,0.000000011351
90000,1730,-65,50214.77,0.000000011503
90000,1726,-68,50327.61,0.000000011503
90000,1728,-66,50271.71,0.000000011503
90000,1728,-70,50267.14,0.000000011503
90000,1728,-66,50271.71,0.000000011503
90000,1727,-64,50302.97,0.000000011503
90000,1732,-62,50160.05,0.000000011503
90000,1729,-70,50238.11,0.000000011503
90000,1729,-66,50242.67,0.000000011503
90000,1728,-66,50271.71,0.000000011503
95000,1707,75,50868.69,0.000000011505
95000,1709,91,50786.23,0.000000011505
95000,1697,75,51167.86,0.000000011505
95000,1722,76,50425.14,0.000000011505
95000,1713,60,50708.32,0.000000011505
95000,1721,67,50465.33,0.000000011505
95000,1698,63,51152.45,0.000000011505
95000,1719,66,50525.09,0.000000011505
95000,1694,81,51249.96,0.000000011505
95000,1694,68,51267.23,0.000000011505
100000,1678,215,50596.48,0.000000011683
100000,1684,208,50445.03,0.000000011683
100000,1670,209,50857.75,0.000000011683
100000,1679,221,50543.77,0.000000011683
100000,1678,221,50573.38,0.000000011683
100000,1679,220,50547.66,0.000000011683
100000,1685,215,50389.67,0.000000011683
100000,1685,216,50385.91,0.000000011683
100000,1669,215,50864.89,0.000000011683
100000,1684,216,50415.34,0.000000011683
